1.71346339866
1.20684778845
-0.042314797531
-0.904199662572
-0.344423119547
0.271282013071
0.448321341373
-0.315834460255
-0.928867961179
-0.300192541082
0.909353956628
-0.548767343243
-0.0192352584804
-0.861674766723
0.652061793545
1.25281457008
-0.513311670215
-0.29318730183
-0.324453887716
1.1276695861
-0.0782197662964
-0.326388244122
1.53118669073
0.189594800561
-0.765463155257
-1.17947563995
0.49167209387
1.14667670602
0.0645964753389
0.927430771828
-0.546490405071
0.175575298765
-0.865931990372
0.339318713672
-0.934405954304
0.987324374712
0.731524386972
-0.403653289709
-1.29775050112
-0.373536165221
-0.441537923312
-0.357139515945
1.43340712179
0.899897439933
1.95204316588
-0.0404617902849
0.0329622316999
-1.4449126241
-1.06832402187
1.04703420932
0.0455075199398
-1.16179969511
0.0307504873257
-0.0965205315936
-0.255362320514
0.763109845661
0.203845604746
0.408644846989
-0.209459691239
0.568005858006
-0.668663807724
0.122459831647
-0.347522494028
-1.7423959609
-1.47663475046
0.348240199228
2.75895920062
-1.32063186831
-0.480717790644
-0.55290246113
-1.01902082682
1.37267299477
0.814394860612
1.50680531104
0.384091544096
-1.94690394829
-1.2975956785
-0.600445419631
-1.7150610886
1.3922642549
-0.194934325579
0.508344304913
-0.437198173945
-0.944365515649
0.953078353119
1.29181024386
-0.100677279874
-0.326826005973
0.107884301068
0.0619111626383
-1.1823844954
-0.113769619338
-0.220145795788
0.739467816542
0.438722314719
0.318843204943
-0.911629821846
0.695435438137
0.224068170532
0.0212111772526
