-0.568499175745
-0.377780221261
-0.804384338503
2.79053634772
-2.5750017632
0.719492096077
-0.394461731374
0.74448055785
0.337026476133
-0.926017368787
0.162305925158
-0.686870658811
1.04151423616
-1.28450072905
1.42835294071
0.555451512448
1.02012376299
0.0292570713694
0.107172476721
-0.427474206084
-0.374911651779
0.441317038954
-0.0939289362689
-2.30076268165
-2.71391332982
0.639920491357
-0.725575864058
1.92670204979
0.70886443211
-1.94116104707
-1.26720413115
1.40169248371
0.279228570213
0.476215403798
-0.475699004307
0.52565263133
-0.604099966478
-0.697056806184
1.56111561322
0.22140461332
-1.45200254416
-0.30871734695
-1.0824800252
1.91349589393
-0.49251539436
0.577706932515
0.237997877468
0.0820056365309
3.07945522345
-0.0942124926306
1.35824810811
-1.60999308257
-0.173619821093
1.38012428619
0.473197887896
2.07375930696
-0.0788984129757
1.45177815181
-1.20384800475
0.823340655649
-0.185627099698
-0.963539881628
2.5080993395
-0.220439273216
0.61721338885
-0.625053372208
-0.523748725147
0.875676439682
-1.52350552588
-0.0888550925513
0.326818286694
-0.105976712504
0.16675026425
0.88009876237
0.583060980926
-0.660729781816
-2.50208606304
1.29822460637
-0.388788436331
-1.28598195562
-0.0914586423118
-2.13155703027
-0.994399326592
1.60187973835
1.37076735826
0.0597003251054
0.380752640815
0.653068556927
-0.65643796281
-1.1646881222
-0.365578905303
-0.903817840227
-1.03915975404
-1.42302585173
0.539648257323
-1.45969655846
0.384221293929
0.494865695312
1.38037146135
1.1486736173
