-1.85735273736
1.31123113232
-0.424827551914
-0.0899657113957
-0.673529167001
0.463237079852
-1.19526418875
-0.641767536779
-1.52294866716
-0.348259186484
1.80544957721
0.663371308571
-1.42234977213
-0.940881356555
0.25727338538
-1.93195251998
1.95812180568
-0.132266816388
-0.292328419272
-0.444649683236
-0.53130443892
-0.087289085393
0.684551850182
-0.995917912893
-0.716016199718
-0.0483479040672
1.15041593666
0.557872842515
1.28227560677
1.41262362296
0.110414057382
0.0253164931414
-0.671420269553
0.344319002622
-0.644843840196
-0.760717590499
-1.15535986271
-0.480903155208
1.13914635845
-0.127100579579
0.531552624651
0.362499986367
-1.35805342246
0.818910714675
-0.157413864816
-0.347877263358
-1.01748953611
-0.885049902245
-1.44156621274
-0.360340471619
1.13056226633
-0.0570939348347
-1.6408017244
0.477139315523
-0.587324999171
0.469144257586
-1.32012157594
-0.18778976083
1.46867337404
-0.771708286332
1.65137577391
1.58599037675
-0.906608658917
0.373033524829
-0.344922626514
-0.756094395837
1.33009829156
0.577784356507
0.813117287844
1.01380986388
0.92376108356
1.17945378714
-1.25588073972
0.784644746194
-0.52353743139
0.630797545001
1.74372579501
-0.697675447066
0.324917400417
-0.20928528071
-1.24331646139
1.73764990237
0.534870450363
0.459356558356
-0.75319500332
-1.12696447817
0.707578318325
0.38632097493
0.701265171586
-0.261361474546
-0.553043880357
-1.24597430851
-0.285623659288
1.29550137938
0.216320302942
0.297314278958
0.762355739247
-1.46425826349
1.16876654022
0.347453921979
